        4.593750 0.0009746468   0.114007348237                0
        4.750000 0.0014188398   0.080058957650                0
        4.968750 0.0017867735   0.050346206453                0
        5.187500 0.0020553543   0.032203409607                0
        5.375000 0.0023803571   0.051765544101                0
        5.593750 0.0031205010   0.091016975488                0
        5.812500 0.0039269406   0.037721288554                0
        5.968750 0.0043812654   0.021692686935                0
        6.625000 0.0042431959   0.000000000000                0
        6.812500 0.0039719905   0.030625123932                0
        7.093750 0.0036656125   0.015386834143                0
        7.250000 0.0035842969   0.000000000000                0
        8.093750 0.0040314532   0.004990170876                0
        8.312500 0.0038953828   0.013637944932                0
        8.625000 0.0037646859   0.003487197632                0
        8.968750 0.0038246898   0.010011789179                0
        9.343750 0.0039047968   0.002416697181                0
        9.718750 0.0038612499   0.006422248912                0
       10.125000 0.0037807942   0.006481905806                0
       10.531250 0.0037362483   0.001723547597                0
       10.937500 0.0037186410   0.001610703627                0
       11.375000 0.0036799243   0.005123780093                0
       11.843750 0.0035783434   0.009379652927                0
       12.343750 0.0035217966   0.002179656539                0
       12.843750 0.0035743854   0.006973707738                0
       13.343750 0.0032904948   0.104109668645                0
       13.875000 0.0028407032   0.002871005559                0
       14.437500 0.0027884113   0.015176233191                0
       15.031250 0.0027229366   0.008795588058                0
       15.625000 0.0028507271   0.012668266227                0
       16.250000 0.0029461819   0.005567307644                0
       16.906250 0.0029888898   0.005837990254                0
       17.562500 0.0030566384   0.006133646354                0
       18.281250 0.0031245239   0.008025133055                0
       19.031250 0.0032008644   0.004852512997                0
       19.812500 0.0032716597   0.008644182577                0
       20.625000 0.0033638746   0.007858659746                0
       21.437500 0.0034444102   0.006443457422                0
       22.281250 0.0035152291   0.004854833192                0
       23.187500 0.0035747808   0.004793071547                0
       24.125000 0.0036523550   0.007233471244                0
       25.093750 0.0037474413   0.007189624489                0
       26.093750 0.0038182876   0.004167052655                0
       27.156250 0.0042996533   0.126172909669                0
       28.250000 0.0050368411   0.000000000000                0
       29.375000 0.0050368411   0.000000000000                0
       30.562500 0.0050667680   0.001400449548                0
       31.781250 0.0050684411   0.000000000000                0
